# Created by Octave 5.2.0, Thu Dec 17 16:48:08 2020 GMT <unknown@ROEEZZ-MF-PC>
# name: test_mean1
# type: matrix
# rows: 1
# columns: 11
 0.41519 0.45101999999999998 0.48515000000000003 0.46672000000000002 0.44470999999999999 0.48310999999999998 0.47388999999999998 0.46126 0.44812000000000002 0.48191000000000001 0.4657


# name: test_max1
# type: matrix
# rows: 1
# columns: 11
 0.50853000000000004 0.50512000000000001 0.50512000000000001 0.50512000000000001 0.50512000000000001 0.50512000000000001 0.50512000000000001 0.49487999999999999 0.50512000000000001 0.50512000000000001 0.50512000000000001


# name: test_min1
# type: matrix
# rows: 1
# columns: 11
 0.34129999999999999 0.36859999999999998 0.34642000000000001 0.36176999999999998 0.34129999999999999 0.40444000000000002 0.34982999999999997 0.36519000000000001 0.34471000000000002 0.37201000000000001 0.35494999999999999


# name: train_mean1
# type: matrix
# rows: 1
# columns: 11
 0.42154999999999998 0.45485999999999999 0.48758000000000001 0.47011999999999998 0.45383000000000001 0.48641000000000001 0.47341 0.46983000000000003 0.4531 0.48881999999999998 0.46771000000000001


# name: train_max1
# type: matrix
# rows: 1
# columns: 11
 0.50329000000000002 0.50036999999999998 0.50109999999999999 0.50036999999999998 0.50036999999999998 0.50109999999999999 0.50036999999999998 0.49963000000000002 0.50036999999999998 0.50036999999999998 0.50036999999999998


# name: train_min1
# type: matrix
# rows: 1
# columns: 11
 0.37107000000000001 0.37764999999999999 0.37473000000000001 0.36742000000000002 0.37764999999999999 0.42148000000000002 0.36596000000000001 0.39006999999999997 0.37473000000000001 0.40833000000000003 0.36960999999999999


